Score achieved: 115
Time solution was found: 1.705905 Seconds 
 9  3  5  3  3  2  1  0  6  6  7  4  7  9  6  4  4  8  3  9 
 1  8  0  4  6  8  9  9  5  4  1  8  5  6  2  4  X  9  5  3 
 2  3  X  0  3  2  3  1  3  2  7  9  1  1  5  0  X  5  9  X 
 9  4  X  7  0  4  1  1  0  8  9  9  7  3  8  9  2  1  2  3 
 9  1  8  3  2  9  6  1  7  8  1  3  8  0  X  8  2  6  7  4 
 4  1  6  3  7  3  7  7  2  5  9  9  X  9  0  0  3  7  3  0 
 1  2  5  7  0  8  X  2  7  4  1  5  9  1  2  8  2  9  0  5 
 6  2  1  X  8  2  7  5  1  6  9  6  5  6  5  7  9  6  8  3 
 8  X  1  3  6  7  6  0  6  3  6  5  0  8  0  6  3  2  8  3 
 1  2  7  5  4  0  2  3  9  1  9  4  4  9  6  5  5  2  7  4 
 1  7  S  9  1  7  6  2  2  4  6  6  7  9  I  7  8  9  3  4 
 0  1  3  9  3  3  3  6  6  8  3  3  7  6  4  5  2  7  4  3 
 7  3  6  8  9  9  2  5  2  9  8  9  7  0  8  7  0  1  3  1 
 0  6  9  8  4  4  7  0  2  0  0  S  5  4  1  7  9  3  2  9 
 6  S  R  R  5  7  0  3  9  0  2  0  2  3  8  7  1  9  3  4 
 9  1  S  2  8  2  6  8  0  6  8  8  3  1  S  7  6  5  2  7 
 0  9  7  9  9  0  0  6  3  4  0  5  5  R  8  S  7  1  8  1 
 8  2  R  1  8  6  8  5  7  S  9  7  3  0  R  7  4  8  2  9 
 1  4  9  1  7  9  1  7  7  R  7  6  C  5  3  6  7  8  8  1 
 S  0  S  5  4  8  6  1  S  9  6  5  2  3  2  2  8  5  1  4 
