Genetic,0.1,0.210999965668,28
HillClimb0.1,0.0750000476837,28
Genetic,0.1,0.172000169754,28
HillClimb0.1,0.055999994278,28
Genetic,0.1,0.22200012207,28
HillClimb0.1,0.269000053406,28
Genetic,0.1,0.609999895096,28
HillClimb0.1,0.021999835968,28
Genetic,0.1,0.191999912262,28
HillClimb0.1,0.276999950409,28
Genetic,0.1,0.378999948502,28
HillClimb0.1,0.0230000019073,28
Genetic,0.1,0.240999937057,28
HillClimb0.1,0.0479998588562,28
Genetic,0.1,0.222999811172,28
HillClimb0.1,0.0550000667572,28
Genetic,0.1,0.282999992371,28
HillClimb0.1,0.018000125885,28
Genetic,0.1,0.232000112534,28
HillClimb0.1,0.0390000343323,28
Genetic,0.15,0.315999984741,28
HillClimb0.15,0.0720000267029,28
Genetic,0.15,0.238999843597,28
HillClimb0.15,0.125,28
Genetic,0.15,0.389999866486,28
HillClimb0.15,0.177000045776,28
Genetic,0.15,0.168999910355,28
HillClimb0.15,0.0750000476837,28
Genetic,0.15,0.338999986649,28
HillClimb0.15,0.0209999084473,28
Genetic,0.15,0.18499994278,28
HillClimb0.15,0.0739998817444,28
Genetic,0.15,0.194000005722,28
HillClimb0.15,0.121000051498,28
Genetic,0.15,0.164000034332,28
HillClimb0.15,0.0499999523163,28
Genetic,0.15,0.141999959946,28
HillClimb0.15,0.0190000534058,28
Genetic,0.15,0.379999876022,28
HillClimb0.15,0.0739998817444,28
